[gd_scene load_steps=8 format=2]

[ext_resource path="res://Cube.gd" type="Script" id=1]
[ext_resource path="res://world.tres" type="Environment" id=3]
[ext_resource path="res://Player.tscn" type="PackedScene" id=4]
[ext_resource path="res://Generated.gd" type="Script" id=5]
[ext_resource path="res://WaterGenerated.gd" type="Script" id=6]

[sub_resource type="CubeMesh" id=25]

[sub_resource type="BoxShape" id=26]

[node name="World" type="Spatial"]

[node name="Camera" type="Camera" parent="."]
transform = Transform( 0.0343761, -0.0871042, 0.995606, 0, 0.996195, 0.0871557, -0.999409, -0.00299608, 0.0342453, 130, 28.569, 0 )
far = 8192.0

[node name="DirectionalLight" type="DirectionalLight" parent="."]
transform = Transform( 1, 0, 0, 0, -0.642788, 0.766045, 0, -0.766045, -0.642788, 13.5233, 138.55, 0 )
light_energy = 0.5
shadow_enabled = true
shadow_color = Color( 0.6, 0.6, 0.6, 1 )

[node name="WorldEnvironment" type="WorldEnvironment" parent="."]
environment = ExtResource( 3 )

[node name="Generated" type="Spatial" parent="."]
script = ExtResource( 5 )

[node name="WaterGenerated" type="Spatial" parent="."]
script = ExtResource( 6 )

[node name="Player" parent="." instance=ExtResource( 4 )]
transform = Transform( 1, 0, 0, 0, 1, 0, 0, 0, 1, 0, 101.101, 0 )

[node name="Cubes" type="Spatial" parent="."]
transform = Transform( 1, 0, 0, 0, 1, 0, 0, 0, 1, -9.2586, 49.2047, -10.9975 )

[node name="Cube1" type="RigidBody" parent="Cubes"]

[node name="MeshInstance" type="MeshInstance" parent="Cubes/Cube1"]
mesh = SubResource( 25 )
material/0 = null
script = ExtResource( 1 )

[node name="CollisionShape" type="CollisionShape" parent="Cubes/Cube1"]
shape = SubResource( 26 )

[node name="Cube2" type="RigidBody" parent="Cubes"]
transform = Transform( 1, 0, 0, 0, 1, 0, 0, 0, 1, 0, 3.42484, 0 )

[node name="MeshInstance" type="MeshInstance" parent="Cubes/Cube2"]
mesh = SubResource( 25 )
material/0 = null
script = ExtResource( 1 )

[node name="CollisionShape" type="CollisionShape" parent="Cubes/Cube2"]
shape = SubResource( 26 )

[node name="Cube3" type="RigidBody" parent="Cubes"]
transform = Transform( 1, 0, 0, 0, 1, 0, 0, 0, 1, 0, 0, 3.35453 )

[node name="MeshInstance" type="MeshInstance" parent="Cubes/Cube3"]
mesh = SubResource( 25 )
material/0 = null
script = ExtResource( 1 )

[node name="CollisionShape" type="CollisionShape" parent="Cubes/Cube3"]
shape = SubResource( 26 )

[node name="Cube4" type="RigidBody" parent="Cubes"]
transform = Transform( 1, 0, 0, 0, 1, 0, 0, 0, 1, 4.86482, 0, 0 )

[node name="MeshInstance" type="MeshInstance" parent="Cubes/Cube4"]
mesh = SubResource( 25 )
material/0 = null
script = ExtResource( 1 )

[node name="CollisionShape" type="CollisionShape" parent="Cubes/Cube4"]
shape = SubResource( 26 )

[node name="Cube5" type="RigidBody" parent="Cubes"]
transform = Transform( 1, 0, 0, 0, 1, 0, 0, 0, 1, 0, 0, -3.41214 )

[node name="MeshInstance" type="MeshInstance" parent="Cubes/Cube5"]
mesh = SubResource( 25 )
material/0 = null
script = ExtResource( 1 )

[node name="CollisionShape" type="CollisionShape" parent="Cubes/Cube5"]
shape = SubResource( 26 )

[node name="Cube6" type="RigidBody" parent="Cubes"]
transform = Transform( 1, 0, 0, 0, 1, 0, 0, 0, 1, 0, 2.64686, -2.36763 )

[node name="MeshInstance" type="MeshInstance" parent="Cubes/Cube6"]
mesh = SubResource( 25 )
material/0 = null
script = ExtResource( 1 )

[node name="CollisionShape" type="CollisionShape" parent="Cubes/Cube6"]
shape = SubResource( 26 )

[node name="Cube7" type="RigidBody" parent="Cubes"]
transform = Transform( 1, 0, 0, 0, 1, 0, 0, 0, 1, 3.2329, 3.05564, 0 )

[node name="MeshInstance" type="MeshInstance" parent="Cubes/Cube7"]
mesh = SubResource( 25 )
material/0 = null
script = ExtResource( 1 )

[node name="CollisionShape" type="CollisionShape" parent="Cubes/Cube7"]
shape = SubResource( 26 )

[node name="Cube8" type="RigidBody" parent="Cubes"]
transform = Transform( 1, 0, 0, 0, 1, 0, 0, 0, 1, 0, -4.0763, 0 )

[node name="MeshInstance" type="MeshInstance" parent="Cubes/Cube8"]
mesh = SubResource( 25 )
material/0 = null
script = ExtResource( 1 )

[node name="CollisionShape" type="CollisionShape" parent="Cubes/Cube8"]
shape = SubResource( 26 )

[node name="Cube9" type="RigidBody" parent="Cubes"]
transform = Transform( 1, 0, 0, 0, 1, 0, 0, 0, 1, 0, 3.94175, 3.95455 )

[node name="MeshInstance" type="MeshInstance" parent="Cubes/Cube9"]
mesh = SubResource( 25 )
material/0 = null
script = ExtResource( 1 )

[node name="CollisionShape" type="CollisionShape" parent="Cubes/Cube9"]
shape = SubResource( 26 )

[node name="Cube10" type="RigidBody" parent="Cubes"]
transform = Transform( 1, 0, 0, 0, 1, 0, 0, 0, 1, 0, 5.64562, -4.6631 )

[node name="MeshInstance" type="MeshInstance" parent="Cubes/Cube10"]
mesh = SubResource( 25 )
material/0 = null
script = ExtResource( 1 )

[node name="CollisionShape" type="CollisionShape" parent="Cubes/Cube10"]
shape = SubResource( 26 )

[node name="Cube11" type="RigidBody" parent="Cubes"]
transform = Transform( 1, 0, 0, 0, 1, 0, 0, 0, 1, 5.41367, -2.41842, 0 )

[node name="MeshInstance" type="MeshInstance" parent="Cubes/Cube11"]
mesh = SubResource( 25 )
material/0 = null
script = ExtResource( 1 )

[node name="CollisionShape" type="CollisionShape" parent="Cubes/Cube11"]
shape = SubResource( 26 )

[node name="Cube12" type="RigidBody" parent="Cubes"]
transform = Transform( 1, 0, 0, 0, 1, 0, 0, 0, 1, 2.88751, 0, -2.5304 )

[node name="MeshInstance" type="MeshInstance" parent="Cubes/Cube12"]
mesh = SubResource( 25 )
material/0 = null
script = ExtResource( 1 )

[node name="CollisionShape" type="CollisionShape" parent="Cubes/Cube12"]
shape = SubResource( 26 )

[node name="Cube13" type="RigidBody" parent="Cubes"]
transform = Transform( 1, 0, 0, 0, 1, 0, 0, 0, 1, -2.77041, 0, 0 )

[node name="MeshInstance" type="MeshInstance" parent="Cubes/Cube13"]
mesh = SubResource( 25 )
material/0 = null
script = ExtResource( 1 )

[node name="CollisionShape" type="CollisionShape" parent="Cubes/Cube13"]
shape = SubResource( 26 )

[node name="Cube14" type="RigidBody" parent="Cubes"]
transform = Transform( 1, 0, 0, 0, 1, 0, 0, 0, 1, -2.97672, 2.60598, 0 )

[node name="MeshInstance" type="MeshInstance" parent="Cubes/Cube14"]
mesh = SubResource( 25 )
material/0 = null
script = ExtResource( 1 )

[node name="CollisionShape" type="CollisionShape" parent="Cubes/Cube14"]
shape = SubResource( 26 )

[node name="Cube15" type="RigidBody" parent="Cubes"]
transform = Transform( 1, 0, 0, 0, 1, 0, 0, 0, 1, 2.81779, -3.07649, 0 )

[node name="MeshInstance" type="MeshInstance" parent="Cubes/Cube15"]
mesh = SubResource( 25 )
material/0 = null
script = ExtResource( 1 )

[node name="CollisionShape" type="CollisionShape" parent="Cubes/Cube15"]
shape = SubResource( 26 )

[node name="Cube16" type="RigidBody" parent="Cubes"]
transform = Transform( 1, 0, 0, 0, 1, 0, 0, 0, 1, 4.8419, 15.8811, 0 )

[node name="MeshInstance" type="MeshInstance" parent="Cubes/Cube16"]
mesh = SubResource( 25 )
material/0 = null
script = ExtResource( 1 )

[node name="CollisionShape" type="CollisionShape" parent="Cubes/Cube16"]
shape = SubResource( 26 )

[node name="Cube17" type="RigidBody" parent="Cubes"]
transform = Transform( 0.423514, 0.819132, 0.386857, -0.604796, 0.573605, -0.552448, -0.674431, 0, 0.738338, 2.44201, 25.1503, 0.729079 )

[node name="MeshInstance" type="MeshInstance" parent="Cubes/Cube17"]
mesh = SubResource( 25 )
material/0 = null
script = ExtResource( 1 )

[node name="CollisionShape" type="CollisionShape" parent="Cubes/Cube17"]
shape = SubResource( 26 )

[node name="Cube18" type="RigidBody" parent="Cubes"]
transform = Transform( 0.423514, 0.819132, 0.386857, -0.604796, 0.573605, -0.552448, -0.674431, 0, 0.738338, 5.2474, 27.1148, 0.729079 )

[node name="MeshInstance" type="MeshInstance" parent="Cubes/Cube18"]
mesh = SubResource( 25 )
material/0 = null
script = ExtResource( 1 )

[node name="CollisionShape" type="CollisionShape" parent="Cubes/Cube18"]
shape = SubResource( 26 )

[node name="Cube19" type="RigidBody" parent="Cubes"]
transform = Transform( 0.423514, 0.819132, 0.386857, -0.604796, 0.573605, -0.552448, -0.674431, 0, 0.738338, 3.73973, 23.2971, 3.20586 )

[node name="MeshInstance" type="MeshInstance" parent="Cubes/Cube19"]
mesh = SubResource( 25 )
material/0 = null
script = ExtResource( 1 )

[node name="CollisionShape" type="CollisionShape" parent="Cubes/Cube19"]
shape = SubResource( 26 )

[node name="Cube20" type="RigidBody" parent="Cubes"]
transform = Transform( 0.423514, 0.819132, 0.386857, -0.604796, 0.573605, -0.552448, -0.674431, 0, 0.738338, 4.50233, 22.2081, -2.55191 )

[node name="MeshInstance" type="MeshInstance" parent="Cubes/Cube20"]
mesh = SubResource( 25 )
material/0 = null
script = ExtResource( 1 )

[node name="CollisionShape" type="CollisionShape" parent="Cubes/Cube20"]
shape = SubResource( 26 )

[node name="Cube21" type="RigidBody" parent="Cubes"]
transform = Transform( 0.423514, 0.819132, 0.386857, -0.604796, 0.573605, -0.552448, -0.674431, 0, 0.738338, 1.122, 27.0353, -1.79023 )

[node name="MeshInstance" type="MeshInstance" parent="Cubes/Cube21"]
mesh = SubResource( 25 )
material/0 = null
script = ExtResource( 1 )

[node name="CollisionShape" type="CollisionShape" parent="Cubes/Cube21"]
shape = SubResource( 26 )

[node name="Cube22" type="RigidBody" parent="Cubes"]
transform = Transform( 0.423514, 0.819132, 0.386857, -0.604796, 0.573605, -0.552448, -0.674431, 0, 0.738338, 3.69421, 27.9765, -1.01903 )

[node name="MeshInstance" type="MeshInstance" parent="Cubes/Cube22"]
mesh = SubResource( 25 )
material/0 = null
script = ExtResource( 1 )

[node name="CollisionShape" type="CollisionShape" parent="Cubes/Cube22"]
shape = SubResource( 26 )

[node name="Cube23" type="RigidBody" parent="Cubes"]
transform = Transform( 0.423514, 0.819132, 0.386857, -0.604796, 0.573605, -0.552448, -0.674431, 0, 0.738338, 6.31417, 24.9478, -1.45129 )

[node name="MeshInstance" type="MeshInstance" parent="Cubes/Cube23"]
mesh = SubResource( 25 )
material/0 = null
script = ExtResource( 1 )

[node name="CollisionShape" type="CollisionShape" parent="Cubes/Cube23"]
shape = SubResource( 26 )

[node name="Cube24" type="RigidBody" parent="Cubes"]
transform = Transform( 0.423514, 0.819132, 0.386857, -0.604796, 0.573605, -0.552448, -0.674431, 0, 0.738338, -0.897015, 22.8121, 0.729079 )

[node name="MeshInstance" type="MeshInstance" parent="Cubes/Cube24"]
mesh = SubResource( 25 )
material/0 = null
script = ExtResource( 1 )

[node name="CollisionShape" type="CollisionShape" parent="Cubes/Cube24"]
shape = SubResource( 26 )

[node name="Cube25" type="RigidBody" parent="Cubes"]
transform = Transform( 0.423514, 0.819132, 0.386857, -0.604796, 0.573605, -0.552448, -0.674431, 0, 0.738338, 7.20068, 25.2266, 3.64887 )

[node name="MeshInstance" type="MeshInstance" parent="Cubes/Cube25"]
mesh = SubResource( 25 )
material/0 = null
script = ExtResource( 1 )

[node name="CollisionShape" type="CollisionShape" parent="Cubes/Cube25"]
shape = SubResource( 26 )

[node name="Cube26" type="RigidBody" parent="Cubes"]
transform = Transform( 0.423514, 0.819132, 0.386857, -0.604796, 0.573605, -0.552448, -0.674431, 0, 0.738338, 5.26257, 30.9648, -2.71386 )

[node name="MeshInstance" type="MeshInstance" parent="Cubes/Cube26"]
mesh = SubResource( 25 )
material/0 = null
script = ExtResource( 1 )

[node name="CollisionShape" type="CollisionShape" parent="Cubes/Cube26"]
shape = SubResource( 26 )

[node name="Cube27" type="RigidBody" parent="Cubes"]
transform = Transform( 0.423514, 0.819132, 0.386857, -0.604796, 0.573605, -0.552448, -0.674431, 0, 0.738338, 2.75378, 20.4889, -2.92207 )

[node name="MeshInstance" type="MeshInstance" parent="Cubes/Cube27"]
mesh = SubResource( 25 )
material/0 = null
script = ExtResource( 1 )

[node name="CollisionShape" type="CollisionShape" parent="Cubes/Cube27"]
shape = SubResource( 26 )

[node name="Cube28" type="RigidBody" parent="Cubes"]
transform = Transform( 0.423514, 0.819132, 0.386857, -0.604796, 0.573605, -0.552448, -0.674431, 0, 0.738338, 2.68601, 24.8018, -3.08664 )

[node name="MeshInstance" type="MeshInstance" parent="Cubes/Cube28"]
mesh = SubResource( 25 )
material/0 = null
script = ExtResource( 1 )

[node name="CollisionShape" type="CollisionShape" parent="Cubes/Cube28"]
shape = SubResource( 26 )

[node name="Cube29" type="RigidBody" parent="Cubes"]
transform = Transform( 0.423514, 0.819132, 0.386857, -0.604796, 0.573605, -0.552448, -0.674431, 0, 0.738338, 1.2687, 26.8258, 2.59753 )

[node name="MeshInstance" type="MeshInstance" parent="Cubes/Cube29"]
mesh = SubResource( 25 )
material/0 = null
script = ExtResource( 1 )

[node name="CollisionShape" type="CollisionShape" parent="Cubes/Cube29"]
shape = SubResource( 26 )

[node name="Cube30" type="RigidBody" parent="Cubes"]
transform = Transform( 0.423514, 0.819132, 0.386857, -0.604796, 0.573605, -0.552448, -0.674431, 0, 0.738338, 3.31598, 28.4454, 2.73667 )

[node name="MeshInstance" type="MeshInstance" parent="Cubes/Cube30"]
mesh = SubResource( 25 )
material/0 = null
script = ExtResource( 1 )

[node name="CollisionShape" type="CollisionShape" parent="Cubes/Cube30"]
shape = SubResource( 26 )

[node name="Cube31" type="RigidBody" parent="Cubes"]
transform = Transform( 0.423514, 0.819132, 0.386857, -0.604796, 0.573605, -0.552448, -0.674431, 0, 0.738338, 1.11533, 21.6814, -1.17133 )

[node name="MeshInstance" type="MeshInstance" parent="Cubes/Cube31"]
mesh = SubResource( 25 )
material/0 = null
script = ExtResource( 1 )

[node name="CollisionShape" type="CollisionShape" parent="Cubes/Cube31"]
shape = SubResource( 26 )

[node name="Cube32" type="RigidBody" parent="Cubes"]
transform = Transform( 0.423514, 0.819132, 0.386857, -0.604796, 0.573605, -0.552448, -0.674431, 0, 0.738338, 17.5013, 31.3314, -2.53645 )

[node name="MeshInstance" type="MeshInstance" parent="Cubes/Cube32"]
mesh = SubResource( 25 )
material/0 = null
script = ExtResource( 1 )

[node name="CollisionShape" type="CollisionShape" parent="Cubes/Cube32"]
shape = SubResource( 26 )
